7.1345001E-2	0.282683
7.158E-2	0.284454
7.164E-2	0.284893
7.1679994E-2	0.285184
7.1699999E-2	0.285328
7.1704999E-2	0.285365
7.1709998E-2	0.285399
7.1989998E-2	0.2873483
7.3259994E-2	0.2946127
7.4474998E-2	0.2989673
7.4924998E-2	0.299886
7.5989999E-2	0.300568
7.6849997E-2	0.299875
7.7570006E-2	0.298684
7.897E-2	0.295498
7.9964995E-2	0.293142
8.0359995E-2	0.2923094
8.0750003E-2	0.2915893
8.1335001E-2	0.2907657
8.1919998E-2	0.2903303
8.2275003E-2	0.2902987
8.2505003E-2	0.290386
8.2735002E-2	0.290565
8.309E-2	0.291031
8.3669998E-2	0.2923443
8.4254995E-2	0.294452
8.484E-2	0.297439
8.529E-2	0.300398
8.5604995E-2	0.302837
8.5919999E-2	0.305598
8.6240001E-2	0.3087457
8.6400002E-2	0.310458
8.6405002E-2	0.3105117
8.6410001E-2	0.3105657
8.6415E-2	0.310622
8.6465001E-2	0.311177
8.6600006E-2	0.312724
8.6734995E-2	0.314339
8.6884998E-2	0.316215
8.7095E-2	0.3189853
8.7310001E-2	0.322003
8.7525003E-2	0.325211
8.7844998E-2	0.330343
8.8129997E-2	0.335285
8.8425003E-2	0.3407846
8.8875003E-2	0.349951
8.9325003E-2	0.3600946
8.9705005E-2	0.369459
8.9929998E-2	0.3753583
9.0245001E-2	0.384071
9.0739995E-2	0.3988746
9.1085002E-2	0.410024
9.1254994E-2	0.415772
9.1405004E-2	0.420992
9.1665E-2	0.4303614
9.1954999E-2	0.441307
9.2234999E-2	0.452379
9.2629999E-2	0.4688665
9.3075E-2	0.488691
9.3439996E-2	0.505969
9.3659997E-2	0.516835
9.3820006E-2	0.524957
9.4054997E-2	0.5372199
9.4284996E-2	0.5496194
9.4510004E-2	0.5621284
9.482E-2	0.58
9.5290005E-2	0.6085166
9.5860004E-2	0.645465
9.6165001E-2	0.666335
9.6369997E-2	0.680799
9.668E-2	0.703352
9.6960001E-2	0.7244368
9.7220004E-2	0.744632
9.7495005E-2	0.76665
9.7750001E-2	0.787678
9.8464996E-2	0.8498462
9.9535003E-2	0.9520391
0.10014	1.014871
0.10089	1.09792
0.10157	1.178
0.10206	1.23842
0.102725	1.323951
0.1032	1.38745
0.1035	1.428569
0.10389	1.48315
0.10453	1.57543
0.104965	1.640018
0.10529	1.689232
0.10582	1.77117
0.10638	1.85997
0.106915	1.946852
0.107355	2.01974
0.10765	2.06931
0.1078	2.094732
0.107815	2.09728
0.10788	2.108352
0.108125	2.15028
0.10853	2.220402
0.10895	2.29414
0.10937	2.36886
0.10985	2.45544
0.11046	2.56717
0.110965	2.66103
0.11147	2.75608
0.11227	2.90887
0.113515	3.15155
0.114555	3.358194
0.11581	3.61144
0.11805	4.07094
0.119305	4.33077
0.12057	4.593105
0.12223	4.93624
0.12299	5.092335
0.123685	5.234255
0.12438	5.37521
0.12524	5.54804
0.125945	5.68826
0.126595	5.816414
0.12738	5.9698
0.1281	6.109187
0.128975	6.276979
0.13003	6.477079
0.13091	6.642236
0.13185	6.816973
0.132905	7.011214
0.133845	7.18266
0.1353	7.44535
0.13701	7.75034
0.13836	7.988669
0.13957	8.20071
0.14085	8.423668
0.142115	8.642879
0.14335	8.85607
0.14465	9.07986
0.1462	9.346229
0.147865	9.632311
0.1495	9.91375
0.151105	10.191
0.15262	10.45382
0.154065	10.70561
0.15545	10.94789
0.15719	11.25381
0.15936	11.63771
0.161655	12.04689
0.16406	12.47939
0.16653	12.92759
0.169225	13.42179
0.171895	13.91693
0.174755	14.4537
0.17807	15.08593
0.18147	15.7538
0.185115	16.50358
0.1893	17.4241
0.193715	18.4852
0.198235	19.691
0.20369	21.3323
0.210605	23.56862
0.21907	26.1199
0.22789	27.99686
0.23688	29.41887
0.24658	32.54626
0.256225	39.24804
0.26593	43.50144
0.275715	42.8131
0.28217	33.3301
0.2838	30.26433
0.28391	30.0512
0.284135	29.61323
0.28541	27.0851
0.286855	24.15088
0.28793	21.9439
0.28893	19.88888
0.289905	17.89682
0.291215	15.26041
0.292105	13.50971
0.293145	11.52011
0.29385	10.21325
0.29466	8.760491
0.29626	6.071444
0.297215	4.599365
0.29768	3.92308
0.298305	3.059034
0.29893	2.249568
0.299555	1.498001
0.30072	1.065951
0.3023	1.210679
0.30315	1.288539
0.304125	1.37785
0.306295	1.57662
0.308205	1.75158
0.3094	1.861038
0.31125	2.0305
0.31375	2.2595
0.31625	2.4885
0.31875	2.717497
0.32156	2.97489
0.32562	3.34679
0.329545	3.70632
0.33146	3.88174
0.332435	3.971059
0.33341	4.06036
0.3339	4.105236
0.334065	4.120373
0.33491	4.19776
0.336	4.2976
0.33685	4.375469
0.338135	4.493161
0.339355	4.604919
0.340205	4.682779
0.34089	4.745515
0.3411	4.764755
0.34176	4.825224
0.34308	4.94612
0.3444	5.067035
0.345875	5.20216
0.346845	5.290994
0.347	5.305194
0.349	5.488389
0.35125	5.694499
0.35175	5.740294
0.352	5.763194
0.352725	5.82961
0.354175	5.96243
0.35563	6.09571
0.357085	6.22899
0.359025	6.40669
0.361455	6.629273
0.363885	6.85187
0.36544	6.994301
0.36632	7.074896
0.367505	7.183468
0.368765	7.29888
0.369765	7.39048
0.37076	7.481606
0.37187	7.583305
0.373215	7.706497
0.37491	7.86176
0.37731	8.12632
0.379005	8.304961
0.380345	8.441072
0.382635	8.664421
0.383815	8.77544
0.385095	8.893121
0.3873	9.09005
0.389155	9.251078
0.39104	9.411409
0.39306	9.580729
0.395025	9.74416
0.39729	9.932422
0.399645	10.12994
0.401075	10.25156
0.40244	10.36899
0.40446	10.54508
0.406485	10.72421
0.40875	10.9274
0.41119	11.14931
0.412855	11.3025
0.41418	11.4252
0.41636	11.62871
0.419015	11.8788
0.42167	12.1312
0.423875	12.342
0.42617	12.5625
0.428795	12.81526
0.431505	13.07571
0.43452	13.3632
0.437535	13.64689
0.44055	13.92481
0.443635	14.20162
0.446995	14.4919
0.45075	14.80001
0.45461	15.10071
0.45826	15.38279
0.461355	15.63052
0.46385	15.84181
0.466255	16.05959
0.469595	16.39252
0.473875	16.88547
0.477945	17.4364
0.482185	18.0512
0.487385	18.74674
0.493115	19.2725
0.499315	19.33572
0.50566	18.6664
0.511485	17.52822
0.51889	15.70422
0.52775	13.53811
0.532	12.6473
0.53619	11.85838
0.541005	11.0431
0.5422601	10.84409
0.543515	10.64999
0.54477	10.46036
0.5454	10.36673
0.545975	10.28214
0.547125	10.1153
0.548185	9.964019
0.54876	9.882901
0.549425	9.789841
0.55077	9.60391
0.552575	9.35935
0.55483	9.062997
0.556795	8.814213
0.55944	8.495392
0.562995	8.10017
0.56673	7.732618
0.57144	7.350314
0.576135	7.073373
0.5782	6.987953
0.5806	6.917786
0.583	6.87972
0.58674	6.88629
0.5944901	7.167771
0.60325	7.94919
0.61229	9.267749
0.62142	11.06361
0.63108	13.39439
0.638085	15.31553
0.641985	16.4557
0.6437	16.9712
0.644485	17.2099
0.64606	17.69362
0.648425	18.4315
0.651315	19.3503
0.65403	20.22882
0.6575	21.36992
0.663685	23.44342
0.6726	26.48035
0.6821	29.71011
0.69054	32.51047
0.698565	35.0596
0.70734	37.67159
0.715915	40.05264
0.724705	42.34504
0.734365	44.72437
0.743325	46.8325
0.751525	48.70427
0.75649	49.8208
0.757645	50.0794
0.758415	50.25185
0.7588	50.33795
0.75977	50.55458
0.76117	50.86743
0.763	51.27602
0.7658	51.9015
0.7686	52.52789
0.7725	53.40396
0.779905	55.08647
0.787405	56.83033
0.7925	58.04708
0.798535	59.53
0.80686	61.66085
0.81604	64.09979
0.825215	66.5855
0.83392	68.94572
0.8414201	70.94812
0.84987	73.13315
0.85877	75.31327
0.86761	77.3153
0.877305	79.27625
0.88714	80.95982
0.8963	82.19669
0.905255	83.05118
0.91426	83.57117
0.92276	83.80573
0.931	83.84697
0.9375	83.78077
0.9425	83.68545
0.949425	83.50935
0.95731	83.27773
0.965385	83.04714
0.974	82.85896
0.982	82.78436
0.99026	82.85509
0.99906	83.14706
1.00585	83.55503
1.0081	83.72412
1.01225	84.07676
1.0199	84.84718
1.02835	85.8455
1.0372	87.0107
1.046	88.24279
1.05545	89.59277
1.0645	90.8564
1.07365	92.0489
1.0829	93.11012
1.091	93.87468
1.09895	94.43614
1.1067	94.77459
1.1125	94.8961
1.1175	94.91909
1.12365	94.85238
1.1305	94.6673
1.13745	94.37561
1.1456	93.92191
1.15445	93.32113
1.1628	92.68087
1.17105	92.00598
1.1802	91.24042
1.18965	90.46914
1.1986	89.79436
1.20645	89.27203
1.21405	88.82607
1.22155	88.43396
1.2275	88.14955
1.2325	87.9243
1.23875	87.65706
1.24625	87.34866
1.254	87.03504
1.2625	86.68436
1.271	86.31305
1.2775	86.00644
1.2825	85.75285
1.285	85.61914
1.2891	85.38857
1.2981	84.82722
1.3065	84.22363
1.3125	83.74844
1.3199	83.12141
1.32765	82.42693
1.33525	81.71938
1.3439	80.89462
1.3519	80.12591
1.36005	79.34925
1.36705	78.6984
1.3739	78.08449
1.3824	77.36712
1.391	76.70517
1.3975	76.25745
1.4025	75.94857
1.4075	75.66872
1.4125	75.41177
1.4175	75.17175
1.4225	74.94215
1.4275	74.71671
1.4325	74.48898
1.4375	74.2522
1.4425	74.00043
1.44975	73.59441
1.45865	73.00473
1.4664	72.38172
1.47485	71.55599
1.48415	70.43436
1.4918	69.31793
1.4975	68.35807
1.5025	67.41894
1.5086	66.15814
1.5161	64.47544
1.5225	62.96239
1.5295	61.26918
1.538	59.23442
1.546	57.42695
1.55	56.59
1.55485	55.65144
1.56235	54.36126
1.569	53.37016
1.5775	52.29465
1.586	51.38645
1.5925	50.74555
1.5975	50.2532
1.6025	49.7393
1.6077	49.1729
1.6152	48.30589
1.6225	47.4143
1.62975	46.49245
1.639	45.27636
1.6484	44.00801
1.65665	42.87956
1.66	42.41999
1.6625	42.0773
1.66985	41.0747
1.67945	39.78766
1.6871	38.792
1.69315	38.02976
1.70065	37.12333
1.7075	36.337
1.71255	35.78143
1.72005	34.99117
1.72965	34.03283
1.73715	33.3203
1.74325	32.75916
1.75125	32.0489
1.76095	31.21615
1.77045	30.42299
1.7775	29.84362
1.7825	29.43524
1.78975	28.84328
1.7981	28.15631
1.80585	27.50834
1.8125	26.94407
1.8175	26.5158
1.82445	25.91623
1.83295	25.17837
1.84185	24.40201
1.8515	23.55735
1.86065	22.75599
1.8675	22.15843
1.8744	21.56056
1.8819	20.91749
1.8895	20.27383
1.898	19.56426
1.906	18.9069
1.9125	18.37963
1.9175	17.97755
1.9225	17.57807
1.9275	17.18059
1.9325	16.78461
1.9375	16.38943
1.9425	15.99405
1.94905	15.47478
1.95785	14.77162
1.9663	14.08715
1.9725	13.57718
1.9775	13.16
1.9825	12.73683
1.9875	12.30705
1.9925	11.86997
1.9975	11.425
2.00325	10.90292
2.01035	10.2446
2.01745	9.576014
2.0246	8.897549
2.03175	8.219065
2.0375	7.676654
2.0425	7.209369
2.0475	6.747793
2.0525	6.293547
2.0575	5.848381
2.0625	5.414223
2.0675	4.993026
2.072	4.626625
2.076	4.312222
2.08	4.009408
2.0845	3.683715
2.0885	3.408459
2.0925	3.147513
2.0975	2.8428
2.1025	2.563414
2.1075	2.309478
2.1125	2.07955
2.1175	1.872131
2.1225	1.685711
2.1275	1.51882
2.1305	1.427514
2.13335	1.346689
2.1381	1.224255
2.14285	1.116451
2.1476	1.022456
2.1525	0.9390663
2.1575	0.8670641
2.1625	0.8069603
2.1675	0.7574159
2.1725	0.717088
2.1775	0.6846387
2.18155	0.6632099
2.18405	0.6518075
2.1875	0.6379942
2.19195	0.622806
2.19585	0.6112387
2.1998	0.6004983
2.20375	0.5901698
2.2057	0.585177
2.20625	0.5837821
2.2073	0.5811372
2.20835	0.5785124
2.20945	0.5757886
2.2125	0.5683569
2.2175	0.5565916
2.2225	0.5453702
2.2275	0.5347137
2.2325	0.5245352
2.2375	0.5146487
2.2425	0.5048693
2.2475	0.4949998
2.2525	0.4848644
2.2575	0.4744909
2.2625	0.4641284
2.2675	0.454038
2.2725	0.4444775
2.2775	0.4356909
2.2825	0.4276254
2.2875	0.4199338
2.29015	0.415886
2.2904	0.415504
2.29065	0.415119
2.29095	0.4146581
2.2911	0.4144261
2.2916	0.4136541
2.2932	0.4111652
2.29595	0.4067805
2.2992	0.4013627
2.30245	0.395606
2.3048	0.3912353
2.30625	0.3884634
2.30775	0.3855416
2.30925	0.3825708
2.3125	0.3759971
2.3175	0.3656377
2.3225	0.3551792
2.3275	0.3448378
2.3325	0.3346983
2.3375	0.3247078
2.3425	0.3148033
2.3475	0.3049279
2.3525	0.2950244
2.3575	0.2850669
2.3625	0.2750704
2.3675	0.265045
2.37275	0.2545045
2.38025	0.2394523
2.3894	0.2211273
2.3969	0.2061601
2.4025	0.1950227
2.4075	0.1850932
2.41355	0.1730538
2.42185	0.1563897
2.4312	0.1372887
2.4398	0.1197847
2.4469	0.1058384
2.4525	9.5405549E-2
2.45765	8.6095937E-2
2.46515	7.1971595E-2
2.4725	5.6113232E-2
2.4775	4.3462697E-2
2.4825	2.9878618E-2
2.4875	1.7075397E-2
2.4925	6.8067596E-3
2.4975	8.294541E-4
