0.102499999  0.54932189
0.107500002  0.655609667
0.112499997  0.669139326
0.1175       0.612481296
0.122500002  0.645253181
0.127499998  0.794694543
0.132499993  0.95190388
0.137500003  1.32158887
0.142499998  1.63264036
0.147500008  1.88237488
0.152500004  2.17094183
0.157499999  2.68796277
0.162499994  2.83259416
0.167500004  3.21464539
0.172499999  3.79932046
0.17750001   4.66733408
0.182500005  5.43797684
0.1875       6.27449226
0.192499995  7.07096958
0.19749999   7.88204908
0.202500001  8.78938007
0.207499996  9.65733337
0.212500006  10.4700651
0.217500001  11.4043264
0.222499996  12.2437963
0.227499992  13.2308702
0.232500002  14.0508242
0.237499997  14.8999586
0.242500007  15.5593157
0.247500002  16.7019978
0.252499998  17.374033
0.257499993  18.3572903
0.262499988  19.3333282
0.267499983  20.2067337
0.272500008  21.1517124
0.277500004  22.2033062
0.282499999  23.2113533
0.287499994  9.86200809
0.292499989  10.6604567
0.297500014  11.3144388
0.30250001   12.2075348
0.307500005  12.9573841
0.3125       13.8011274
0.317499995  14.4379473
0.32249999   15.3027105
0.327499986  16.2057934
0.332500011  16.823595
0.337500006  17.5673771
0.342500001  18.462635
0.347499996  19.4011726
0.352499992  19.8871937
0.357500017  20.8615055
0.362500012  21.6409798
0.367500007  22.5673828
0.372500002  23.2873211
0.377499998  24.1650295
0.382499993  24.813982
0.387499988  25.9582253
0.392499983  26.6985111
0.397500008  27.4418049
0.402500004  27.2791271
0.407499999  27.8873978
0.412499994  27.4393215
0.417499989  28.1559067
0.422500014  28.9574814
0.42750001   29.6658287
0.432500005  30.7136612
0.4375       31.229454
0.442499995  32.1924858
0.44749999   32.8829422
0.452499986  33.8081284
0.457500011  34.74506
0.462500006  35.4346924
0.467500001  36.3761139
0.472499996  37.2151108
0.477499992  37.637558
0.482500017  38.626709
0.487500012  39.5105934
0.492500007  40.5809135
0.497500002  41.1476097
0.502499998  41.9325066
0.507499993  42.9012642
0.512499988  43.3859978
0.517499983  44.5212097
0.522499979  45.3487129
0.527499974  45.9709969
0.532500029  35.5433464
0.537500024  22.6371861
0.542500019  25.5958977
0.547500014  28.2986469
0.55250001   30.5556221
0.557500005  28.926405
0.5625       28.5630341
0.567499995  29.9008198
0.57249999   31.928154
0.577499986  33.7104988
0.582499981  34.2210884
0.587499976  34.984272
0.592499971  35.2551537
0.597500026  36.0030899
0.602500021  36.0264626
0.607500017  36.3309822
0.612500012  36.3493843
0.617500007  37.0127068
0.622500002  37.7558594
0.627499998  38.2682304
0.632499993  39.2201004
0.637499988  39.6812973
0.642499983  40.013092
0.647499979  40.9052849
0.652499974  41.3559303
0.657500029  42.663353
0.662500024  43.0468941
0.667500019  43.8606033
0.672500014  44.440979
0.67750001   45.5205078
0.682500005  46.1036797
0.6875       46.3160248
0.692499995  47.4588585
0.69749999   47.9242783
0.702499986  48.3215141
0.707499981  49.0969353
0.712499976  49.3542061
0.717499971  49.772419
0.722500026  50.4226646
0.727500021  50.815239
0.732500017  51.1678085
0.737500012  51.6673279
0.742500007  52.2625809
0.747500002  52.6841316
0.752499998  53.5769196
0.757499993  53.7087708
0.762499988  54.3414154
0.767499983  55.197216
0.772499979  55.706707
0.777499974  56.1611633
0.782500029  57.0605164
0.787500024  57.2145462
0.792500019  58.5230598
0.797500014  58.4187622
0.80250001   59.2397232
0.807500005  59.8722572
0.8125       60.1768913
0.817499995  61.0557404
0.82249999   61.4790154
0.827499986  62.1029854
0.832499981  62.7904167
0.837499976  63.233345
0.842499971  63.8050728
0.847500026  64.4576263
0.852500021  65.0187531
0.857500017  65.3572693
0.862500012  65.9871826
0.867500007  66.3934937
0.872500002  67.1686096
0.877499998  67.435173
0.882499993  68.3722992
0.887499988  68.5885773
0.892499983  69.1680832
0.897499979  69.8839874
0.902499974  70.1858597
0.907500029  71.0558243
0.912500024  71.4351273
0.917500019  71.8217545
0.922500014  72.2884979
0.92750001   73.1952515
0.932500005  73.7067795
0.9375       74.2721176
0.942499995  74.3889542
0.94749999   75.3715973
0.952499986  75.7328873
0.957499981  76.1910248
0.962499976  76.9299088
0.967499971  77.0519562
0.972500026  77.5192184
0.977500021  78.1494141
0.982500017  78.7068558
0.987500012  79.1386108
0.992500007  79.4236832
0.997500002  80.0336761
1.00250006   80.4456329
1.00749993   81.0484314
1.01250005   81.4969788
1.01749992   81.9337082
1.02250004   82.6482849
1.02749991   83.0117722
1.03250003   83.7025909
1.0374999    83.6976318
1.04250002   84.5812912
1.0474999    84.9366989
1.05250001   85.4270859
1.05749989   86.1042938
1.0625       86.2704773
1.06750011   87.209259
1.07249999   87.1864853
1.0775001    87.8984604
1.08249998   88.4132919
1.0875001    88.4738007
1.09249997   88.6767807
1.09750009   89.2435684
1.10249996   90.0266037
1.10750008   90.3978882
1.11249995   90.3809662
1.11750007   90.977211
1.12249994   91.6223602
1.12750006   91.9722214
1.13249993   92.3096924
1.13750005   92.2768021
1.14249992   92.9992981
1.14750004   93.1983643
1.15249991   93.5850143
1.15750003   93.6564789
1.1624999    94.3842163
1.16750002   94.378418
1.1724999    94.8707504
1.17750001   95.1888351
1.18249989   95.4195023
1.1875       95.5805664
1.19250011   95.9074936
1.19749999   96.480629
1.2025001    96.6324081
1.20749998   97.109108
1.2125001   97.073082
1.21749997  97.6396179
1.22250009  97.7105713
1.22749996  98.2226105
1.23250008  98.1190338
1.23749995  98.66259
1.24250007  98.5090942
1.24749994  99.0638199
1.25250006  99.2965469
1.25749993  99.4490738
1.26250005  99.5314407
1.26749992  99.581871
1.27250004  100.257004
1.27749991  100.245811
1.28250003  100.603813
1.2874999   100.921585
1.29250002  100.961937
1.2974999   101.021774
1.30250001  101.100372
1.30749989  101.143974
1.3125      100.963478
1.31750011  101.629982
1.32249999  101.733124
1.3275001   101.746567
1.33249998  102.149071
1.3375001   102.226669
1.34249997  102.647926
1.34750009  102.441704
1.35249996  102.085617
1.35750008  102.842079
1.36249995  102.570473
1.36750007  102.669571
1.37249994  103.37838
1.37750006  103.101097
1.38249993  103.388031
1.38750005  103.274071
1.39249992  102.909752
1.39750004  103.538406
1.40249991  103.713783
1.40750003  103.474167
1.4124999   103.557961
1.41750002  103.714577
1.4224999   104.017159
1.42750001  103.720787
1.43249989  103.780991
1.4375      103.69722
1.44250011  103.721237
1.44749999  103.856613
1.4525001   103.885201
1.45749998  103.746956
1.4625001   103.464989
1.46749997  103.841385
1.47250009  103.713364
1.47749996  103.926331
1.48250008  103.63858
1.48749995  103.762459
1.49250007  103.65696
1.49749994  103.769447
1.50250006  104.006592
1.50749993  103.549347
1.51250005  103.650543
1.51749992  103.528519
1.52250004  103.605812
1.52749991  103.54631
1.53250003  103.903412
1.5374999   103.624565
1.54250002  103.767433
1.5474999   103.603058
1.55250001  103.651459
1.55749989  103.81205
1.5625      98.396492
1.56750011  98.516037
1.57249999  98.4535294
1.5775001   98.4507065
1.58249998  98.0827026
1.5875001   97.7903214
1.59249997  98.1920242
1.59750009  97.9946213
1.60249996  97.6963043
1.60750008  97.7009964
1.61249995  97.7412262
1.61750007  97.5861511
1.62249994  97.4542465
1.62750006  97.155304
1.63249993  97.4803314
1.63750005  97.1362534
1.64249992  96.9548035
1.64750004  97.0883408
1.65249991  96.7977524
1.65750003  96.3662262
1.6624999   96.8037491
1.66750002  96.77845
1.6724999   96.6932831
1.67750001  96.5946045
1.68249989  96.4287796
1.6875      96.1709518
1.69250011  96.1325531
1.69749999  95.9814453
1.7025001   95.7774277
1.70749998  95.5916595
1.7125001   95.4799805
1.71749997  95.2853012
1.72250009  95.0866394
1.72749996  94.9351196
1.73250008  94.761116
1.73749995  95.0491638
1.74250007  94.8905334
1.74749994  94.5974884
1.75250006  94.3610001
1.75749993  94.1865082
1.76250005  93.9433746
1.76749992  93.648941
1.77250004  93.9005203
1.77749991  93.4426727
1.78250003  93.3946915
1.7874999   93.1108246
1.79250002  92.8674469
1.7974999   92.9044571
1.80250001  92.4046478
1.80749989  92.2289658
1.8125      92.0522156
1.81750011  91.9824829
1.82249999  91.9968796
1.8275001   91.9333115
1.83249998  92.6025391
1.8375001   93.4522781
1.84249997  84.6047363
1.84750009  68.3791428
1.85249996  74.1805191
1.85750008  76.6120682
1.86249995  76.2636719
1.86750007  77.3002701
1.87249994  84.7549973
1.87750006  86.4200516
1.88249993  87.542244
1.88750005  88.481163
1.89249992  91.3066025
1.89750004  90.4396591
1.90249991  90.0905914
1.90750003  90.3740234
1.9124999   90.9261856
1.91750002  90.6906357
1.9224999   90.5978699
1.92750001  90.1600342
1.93249989  90.5161514
1.9375      90.8598709
1.94250011  90.8888474
1.94749999  91.1993942
1.9525001   91.5994797
1.95749998  91.5896149
1.9625001   91.5505981
1.96749997  91.9602127
1.97250009  92.531189
1.97749996  92.657547
1.98250008  92.7591476
1.98749995  93.207695
1.99250007  93.3618088
1.99749994  93.3059311
2.00250006  93.3140717
2.00750017  93.2262421
2.01250005  93.4872589
2.01749992  93.4430695
2.02250004  93.0868759
2.02750015  93.5847549
2.03250003  93.3493881
2.0374999   93.2906876
2.04250002  93.8446808
2.04750013  94.5963135
2.05250001  94.4021454
2.05749989  94.4971695
2.0625      94.4036484
2.06750011  94.6392899
2.07249999  94.8996048
2.07749987  94.9446106
2.08249998  95.6667252
2.0875001   95.2394562
2.09249997  95.9853516
2.09749985  96.2052383
2.10249996  96.3500824
2.10750008  96.7985687
2.11249995  96.4958878
2.11749983  96.3610992
2.12249994  96.6952057
2.12750006  96.691658
2.13250017  96.5246277
2.13750005  97.1764832
2.14249992  96.8914337
2.14750004  96.9717484
2.15250015  97.2617798
2.15750003  96.8060989
2.1624999   97.417511
2.16750002  97.2789536
2.17250013  96.6697693
2.17750001  96.8583603
2.18249989  97.061142
2.1875      96.8875809
2.19250011  96.60112
2.19749999  96.533699
2.20249987  95.1277542
2.20749998  94.9616089
2.2125001   92.8802414
2.21749997  89.0250778
2.22249985  86.5281906
2.22749996  78.3846588
2.23250008  76.5962296
2.23749995  75.9790344
2.24249983  72.7375488
2.24749994  71.3778687
2.25250006  70.5540466
2.25750017  71.0641098
2.26250005  71.427597
2.26749992  71.0525284
2.27250004  71.7766266
2.27750015  71.6903076
2.28250003  71.540741
2.2874999   72.1812057
2.29250002  72.8537979
2.29750013  73.0525742
2.30250001  71.5410919
2.30749989  70.3987427
2.3125      69.4351196
2.31750011  67.2577286
2.32249999  64.476944
2.32749987  62.9728012
2.33249998  62.1870461
2.3375001   63.2590981
2.34249997  64.4322052
2.34749985  65.2776337
2.35249996  66.039093
2.35750008  66.5321655
2.36249995  66.9612198
2.36749983  67.2379761
2.37249994  68.0955353
2.37750006  69.6095047
2.38250017  70.410614
2.38750005  71.1066589
2.39249992  71.3545227
2.39750004  71.9104614
2.40250015  72.4581985
2.40750003  72.7445679
2.4124999   72.9309769
2.41750002  73.7423553
2.42250013  74.6473618
2.42750001  75.2422333
2.43249989  75.7226868
2.4375      76.2172546
2.44250011  76.5859451
2.44749999  76.8722687
2.45249987  77.1318207
2.45749998  77.4357147
2.4625001   77.5727539
2.46749997  77.8935089
2.47249985  78.5237808
2.47749996  78.736618
2.48250008  78.5570602
2.48749995  79.3209534
2.49249983  80.1174622
2.49749994  80.3632889
2.50250006  80.4842377
2.50750017  81.2465668
2.51250005  81.3647842
2.51749992  81.5797043
2.52250004  81.3939667
2.52750015  81.8644791
2.53250003  81.8272781
2.5374999   82.1712036
2.54250002  82.4552841
2.54750013  82.7741623
2.55250001  82.9165802
2.55749989  83.401268
2.5625      83.887619
2.56750011  83.8868713
2.57249999  84.2681885
2.57749987  84.4930191
2.58249998  84.4486084
2.5875001   84.8755493
2.59249997  84.9771042
2.59749985  85.268631
2.60249996  85.4848862
2.60750008  85.3641663
2.61249995  85.4577713
2.61749983  86.0180435
2.62249994  86.0797195
2.62750006  86.3275452
2.63250017  86.242012
2.63750005  85.8445663
2.64249992  85.762207
2.64750004  85.6769943
2.65250015  85.6589508
2.65750003  85.7865448
2.6624999   86.1874695
2.66750002  86.1768417
2.67250013  86.6207809
2.67750001  86.8078384
2.68249989  86.610466
2.6875      86.652359
2.69250011  86.9519424
2.69749999  86.9507599
2.70249987  86.8085022
2.70749998  86.8628998
2.7125001   86.7553177
2.71749997  86.7973328
2.72249985  86.235878
2.72749996  85.8465881
2.73250008  85.5000534
2.73749995  83.6573334
2.74249983  81.5915451
2.74749994  80.3423233
2.75250006  80.6756516
2.75750017  81.3528442
2.76250005  81.836235
2.76749992  82.0908203
2.77250004  82.3870468
2.77750015  83.1878204
2.78250003  83.5975647
2.7874999   83.9437332
2.79250002  84.1001053
2.79750013  84.14608
2.80250001  84.953186
2.80749989  85.1318512
2.8125      85.4266815
2.81750011  85.7705002
2.82249999  85.6697083
2.82749987  85.7375183
2.83249998  85.8626022
2.8375001   86.1435547
2.84249997  86.4002914
2.84749985  86.4024811
2.85249996  86.5233383
2.85750008  86.3587952
2.86249995  86.9130249
2.86749983  87.2767487
2.87249994  87.478447
2.87750006  87.5565567
2.88250017  87.7819214
2.88750005  88.0825119
2.89249992  88.2846603
2.89750004  88.1961288
2.90250015  88.1818619
2.90750003  88.624115
2.9124999   88.5168152
2.91750002  88.7810364
2.92250013  89.2019119
2.92750001  89.2267685
2.93249989  89.1513214
2.9375      89.3854446
2.94250011  89.2490311
2.94749999  89.1007614
2.95249987  89.9180222
2.95749998  89.6334991
2.9625001   89.6053772
2.96749997  89.8519516
2.97249985  89.6320419
2.97749996  89.6204453
2.98250008  89.5431595
2.98749995  89.5034103
2.99249983  89.4370728
2.99749994  89.4449387
3.00250006  89.5204697
3.00750017  89.3453369
3.01250005  89.507164
3.01749992  89.5578537
3.02250004  89.5499954
3.02750015  89.5816574
3.03250003  89.3950882
3.0374999   89.5659866
3.04250002  89.4464645
3.04750013  89.4450607
3.05250001  89.4158173
3.05749989  89.3635483
3.0625      89.6928177
3.06750011  89.5216064
3.07249999  89.6267624
3.07749987  89.9734421
3.08249998  89.7845993
3.0875001   90.4326401
3.09249997  90.2307663
3.09749985  90.3752365
3.10249996  90.1299438
3.10750008  89.9295654
3.11249995  90.4786301
3.11749983  90.2657166
3.12249994  90.1913986
3.12750006  90.6962662
3.13250017  89.8362732
3.13750005  90.2284164
3.14249992  89.9375992
3.14750004  89.9398346
3.15250015  89.9243622
3.15750003  89.591217
3.1624999   89.15728
3.16750002  89.0420914
3.17250013  88.9732361
3.17750001  89.1057663
3.18249989  88.734375
3.1875      88.6797028
3.19250011  88.5229034
3.19749999  88.6343689
3.20249987  88.5600815
3.20749998  88.886879
3.2125001   89.2174835
3.21749997  89.5440521
3.22249985  89.5320816
3.22749996  89.3456726
3.23250008  89.3985672
3.23749995  89.8533554
3.24249983  90.0292282
3.24749994  90.198349
3.25250006  90.4987717
3.25750017  90.6027222
3.26250005  90.464386
3.26749992  90.7098846
3.27250004  90.5631409
3.27750015  91.015213
3.28250003  90.9219055
3.2874999   90.9800491
3.29250002  91.0376205
3.29750013  91.149971
3.30250001  90.8684158
3.30749989  91.063385
3.3125      90.9691391
3.31750011  90.9930496
3.32249999  91.367485
3.32749987  91.1711121
3.33249998  91.5450668
3.3375001   91.5310059
3.34249997  91.514061
3.34749985  91.6780319
3.35249996  91.5301819
3.35750008  91.56987
3.36249995  91.9002991
3.36749983  92.090065
3.37249994  91.7240524
3.37750006  91.9118576
3.38250017  92.057457
3.38750005  92.0082779
3.39249992  92.1290131
3.39750004  92.0199203
3.40250015  92.0386047
3.40750003  91.9206314
3.4124999   91.8846512
3.41750002  92.2529602
3.42250013  91.9818039
3.42750001  92.1528091
3.43249989  92.0596466
3.4375      91.797142
3.44250011  91.187088
3.44749999  91.2134552
3.45249987  91.152771
3.45749998  91.0604553
3.4625001   91.1710281
3.46749997  91.4231567
3.47249985  91.4732132
3.47749996  91.7668839
3.48250008  91.6723251
3.48749995  92.0615997
3.49249983  92.4346466
3.49749994  92.9165115
3.50250006  92.6860733
3.50750017  92.2315903
3.51250005  92.0043259
3.51749992  92.9430466
3.52250004  92.939003
3.52750015  92.7229462
3.53250003  92.313591
3.5374999   92.8338089
3.54250002  93.1429138
3.54750013  93.1823959
3.55250001  93.5398102
3.55749989  93.7998276
3.5625      93.7868347
3.56750011  93.6573944
3.57249999  94.0005722
3.57749987  94.0501328
3.58249998  93.92276
3.5875001   93.8267288
3.59249997  94.1086121
3.59749985  94.2901764
3.60249996  94.3185501
3.60750008  94.3260651
3.61249995  94.2988129
3.61749983  94.2859955
3.62249994  94.250206
3.62750006  94.3952789
3.63250017  94.6706696
3.63750005  94.6151886
3.64249992  94.3892441
3.64750004  94.4694824
3.65250015  94.5297546
3.65750003  94.6164551
3.6624999   94.5030746
3.66750002  94.8117218
3.67250013  94.8387527
3.67750001  94.8003082
3.68249989  94.6061325
3.6875      94.8960648
3.69250011  94.9730682
3.69749999  94.8706589
3.70249987  94.7133026
3.70749998  94.9061432
3.7125001   95.0309143
3.71749997  95.1528702
3.72249985  94.9413376
3.72749996  95.4030991
3.73250008  95.4901581
3.73749995  95.3505859
3.74249983  95.6081696
3.74749994  95.5544128
3.75250006  95.3395386
3.75750017  95.3690186
3.76250005  95.623848
3.76749992  95.755661
3.77250004  95.4491348
3.77750015  95.6697998
3.78250003  95.4252396
3.7874999   95.6909103
3.79250002  95.6380234
3.79750013  95.4831238
3.80250001  95.6933899
3.80749989  95.8107071
3.8125      95.8499756
3.81750011  95.8325729
3.82249999  95.841217
3.82749987  96.0673904
3.83249998  95.7541656
3.8375001   95.9525986
3.84249997  96.0120163
3.84749985  96.0891647
3.85249996  96.0862579
3.85750008  95.9660263
3.86249995  96.0787048
3.86749983  96.2774506
3.87249994  96.2281418
3.87750006  96.3379517
3.88250017  96.3705978
3.88750005  96.3944244
3.89249992  96.5477753
3.89750004  96.1689758
3.90250015  96.2204742
3.90750003  96.3992157
3.9124999   96.1708984
3.91750002  96.3206558
3.92250013  96.0956726
3.92750001  96.5111923
3.93249989  96.3925858
3.9375      96.257225
3.94250011  96.2076111
3.94749999  96.648819
3.95249987  96.5901871
3.95749998  96.3697586
3.9625001   96.6969528
3.96749997  96.5723572
3.97249985  96.5896912
3.97749996  96.5895309
3.98250008  96.8202744
3.98749995  96.5379639
3.99249983  96.7877121
3.99749994  96.6143646
4.00250006  96.8330612
4.00750017  96.5507889
4.01249981 96.8102188
4.01749992  96.7126236
4.02250004  96.57798
4.02750015  96.4764252
4.03250027 96.3945999
4.0374999   96.5902023
4.04250002  96.5624008
4.04750013  96.6880188
4.05249977 96.8340454
4.05749989  96.8572769
4.0625      96.6639557
4.06750011  96.6274261
4.07250023 96.6366653
4.07749987  96.6608734
4.08249998  96.8204498
4.0875001   96.9148788
4.09249973 96.6187286
4.09749985  96.7574234
4.10249996  96.786026
4.10750008  96.8622131
4.11250019 96.7654037
4.11749983  96.6560669
4.12249994  96.7490158
4.12750006  96.651619
4.13250017  96.8305817
4.13749981 96.6512909
4.14249992  96.7383652
4.14750004  96.5323029
4.15250015  96.8538208
4.15750027 96.4385452
4.1624999   96.8003998
4.16750002  96.6958618
4.17250013  96.578598
4.17749977 96.4092102
4.18249989  96.7708359
4.1875      96.4789658
4.19250011  96.6421814
4.19750023 96.4597397
4.20249987  96.5699005
4.20749998  96.3701324
4.2125001   96.2388535
4.21749973 96.0330658
4.22249985  96.0898895
4.22749996  96.3238983
4.23250008  96.2859802
4.23750019 96.4021378
4.24249983  96.6272583
4.24749994  96.7582397
4.25250006  96.6514435
4.25750017  96.2071381
4.26249981 95.8676834
4.26749992  95.6947479
4.27250004  95.357048
4.27750015  95.3554459
4.28250027 95.4400787
4.2874999   95.2781143
4.29250002  95.0949478
4.29750013  95.1595688
4.30249977 94.845665
4.30749989  94.9938126
4.3125      95.1533585
4.31750011  95.4743652
4.32250023 95.2010498
4.32749987  95.3468933
4.33249998  95.2854462
4.3375001   95.2397919
4.34249973 95.3480835
4.34749985  95.0913391
4.35249996  95.2317429
4.35750008  95.1415329
4.36250019 94.9188614
4.36749983  95.2366409
4.37249994  94.9402771
4.37750006  94.999649
4.38250017  94.8162766
4.38749981 95.1967392
4.39249992  94.8839188
4.39750004  94.9542084
4.40250015  94.5777664
4.40750027 94.5664215
4.4124999   94.6478119
4.41750002  94.3634338
4.42250013  94.564827
4.42749977 94.4227982
4.43249989  94.4549789
4.4375      94.6204453
4.44250011  94.586441
4.44750023 94.371727
4.45249987  94.4550247
4.45749998  94.5593262
4.4625001   94.4311676
4.46749973 94.2925873
4.47249985  94.4913712
4.47749996  94.1253128
4.48250008  94.1227722
4.48750019 94.0232697
4.49249983  94.0474548
4.49749994  94.0288086
4.50250006  94.2210617
4.50750017  93.8956299
4.51249981 93.7531586
4.51749992  93.8577576
4.52250004  93.6832581
4.52750015  93.6777802
4.53250027 93.5453873
4.5374999   93.5491943
4.54250002  93.5226364
4.54750013  93.6997147
4.55249977 93.5785217
4.55749989  93.4410324
4.5625      93.3955231
4.56750011  93.1668625
4.57250023 92.9224091
4.57749987  93.4159851
4.58249998  93.2357407
4.5875001   92.8545456
4.59249973 93.1526871
4.59749985  93.194664
4.60249996  92.9068451
4.60750008  92.8588715
4.61250019 92.9084167
4.61749983  92.6540756
4.62249994  93.0691528
4.62750006  93.0636139
4.63250017  92.6677094
4.63749981 92.825737
4.64249992  92.8871002
4.64750004  92.2322159
4.65250015  92.1315994
4.65750027 92.552063
4.6624999   92.2638931
4.66750002  92.1683731
4.67250013  92.2552795
4.67749977 92.1585922
4.68249989  91.7607193
4.6875      92.1644363
4.69250011  92.345993
4.69750023 91.9983139
4.70249987  91.9947662
4.70749998  91.8467865
4.7125001   91.8012695
4.71749973 91.7034683
4.72249985  91.6300888
4.72749996  91.6246872
4.73250008  91.3324509
4.73750019 91.4744797
4.74249983  91.5209885
4.74749994  91.3903503
4.75250006  91.2537918
4.75750017  91.1086426
4.76249981 91.0762329
4.76749992  91.2209396
4.77250004  91.0900421
4.77750015  91.1374817
4.78250027 90.6982956
4.7874999   91.0091095
4.79250002  91.0230637
4.79750013  90.6976547
4.80249977 90.55233
4.80749989  90.5190735
4.8125      90.4500427
4.81750011  90.3712616
4.82250023 90.3937378
4.82749987  90.3107758
4.83249998  90.3110886
4.8375001   90.0378876
4.84249973 89.6746216
4.84749985  89.8931885
4.85249996  89.9891281
4.85750008  89.7438126
4.86250019 89.8475647
4.86749983  89.9036407
4.87249994  89.6238937
4.87750006  89.5817337
4.88250017  89.3318405
4.88749981 89.2136917
4.89249992  89.3274536
4.89750004  89.2225494
4.90250015  89.1246109
4.90750027 89.0155411
4.9124999   88.8913803
4.91750002  89.1700745
4.92250013  89.3545074
4.92749977 88.6700668
4.93249989  88.7891083
4.9375      88.6445618
4.94250011  88.6742325
4.94750023 88.3101196
4.95249987  88.3920975
4.95749998  88.5120544
4.9625001   88.3159027
4.96749973 88.2397919
4.97249985  88.3661957
4.97749996  87.984024
4.98250008  88.0813599
4.98750019 87.4594955
4.99249983  87.5077972
4.99749994  87.6255722
5.00250006  87.4971161
5.00750017  87.688118
5.01249981 87.2491989
5.01749992  87.3855133
5.02250004  87.1289139
5.02750015  87.2210312
5.03250027 87.1339645
5.0374999   86.9109421
5.04250002  86.9420013
5.04750013  86.6793518
5.05249977 86.4191818
5.05749989  86.5765381
5.0625      86.6156845
5.06750011  86.16745
5.07250023 86.187294
5.07749987  86.5620956
5.08249998  86.3865891
5.0875001   86.0905685
5.09249973 85.8452301
5.09749985  85.5618896
5.10249996  85.9212265
5.10750008  85.5240173
5.11250019 85.386322
5.11749983  85.5587311
5.12249994  85.0528946
5.12750006  84.9962158
5.13250017  85.074379
5.13749981 85.0872726
5.14249992  85.1974487
5.14750004  84.8213806
5.15250015  84.7975006
5.15750027 84.9493713
5.1624999   84.7298355
5.16750002  84.4810638
5.17250013  84.7199173
5.17749977 84.4743652
5.18249989  84.3965683
5.1875      84.7150803
5.19250011  84.239357
5.19750023 84.1854095
5.20249987  84.0882797
5.20749998  83.9185944
5.2125001   84.2400208
5.21749973 83.8605118
5.22249985  83.3065643
5.22749996  83.2688828
5.23250008  83.6293564
5.23750019 83.4291992
5.24249983  83.3012009
5.24749994  83.3187027
5.25250006  83.0696945
5.25750017  82.7610931
5.26249981 82.6408844
5.26749992  82.2111816
5.27250004  82.0429688
5.27750015  82.0287933
5.28250027 82.1905365
5.2874999   82.133606
5.29250002  82.0484543
5.29750013  82.1268387
5.30249977 81.8769302
5.30749989  81.7944031
5.3125      81.9596024
5.31750011  81.6892929
5.32250023 81.8045807
5.32749987  81.6902618
5.33249998  81.6771088
5.3375001   81.4691086
5.34249973 81.264679
5.34749985  81.3152618
5.35249996  81.4649506
5.35750008  81.5403061
5.36250019 81.4298019
5.36749983  81.3371201
5.37249994  81.2395248
5.37750006  81.3875732
5.38250017  81.4561844
5.38749981 81.7412186
5.39249992  81.6104431
5.39750004  81.0861053
5.40250015  81.5208969
5.40750027 81.3766403
5.4124999   80.9962311
5.41750002  81.1943436
5.42250013  80.9693832
5.42749977 81.4332047
5.43249989  81.3587723
5.4375      81.5013657
5.44250011  81.2079773
5.44750023 81.218956
5.45249987  81.0438614
5.45749998  80.9543762
5.4625001   80.9769135
5.46749973 80.8831177
5.47249985  80.7411194
5.47749996  80.806015
5.48250008  80.8379745
5.48750019 80.687767
5.49249983  80.5794601
5.49749994  80.4248734
5.50250006  80.2161942
5.50750017  80.0460434
5.51249981 80.4743271
5.51749992  80.0918808
5.52250004  80.1337128
5.52750015  80.0333252
5.53250027 79.9721375
5.5374999   79.552887
5.54250002  79.5903854
5.54750013  79.2791748
5.55249977 79.4120789
5.55749989  79.2735214
5.5625      79.492485
5.56750011  79.3766174
5.57250023 78.9335022
5.57749987  78.9227676
5.58249998  78.9476547
5.5875001   78.7760773
5.59249973 78.6928101
5.59749985  78.5082855
5.60249996  78.5475998
5.60750008  78.2521439
5.61250019 78.3436356
5.61749983  78.3747177
5.62249994  77.9566956
5.62750006  77.6583252
5.63250017  77.775116
5.63749981 78.0063629
5.64249992  77.6256561
5.64750004  77.3717041
5.65250015  77.482811
5.65750027 77.0561447
5.6624999   77.4796753
5.66750002  77.0903015
5.67250013  76.8423996
5.67749977 76.9186554
5.68249989  76.760643
5.6875      76.8569031
5.69250011  76.6516418
5.69750023 76.7717133
5.70249987  76.5302734
5.70749998  76.3227386
5.7125001   76.1774597
5.71749973 76.1129227
5.72249985  76.1120758
5.72749996  75.8739929
5.73250008  75.8624725
5.73750019 75.6289291
5.74249983  75.4923553
5.74749994  75.4214096
5.75250006  75.5336838
5.75750017  75.2303696
5.76249981 75.0927734
5.76749992  75.0333099
5.77250004  74.9084625
5.77750015  74.6112213
5.78250027 74.6568832
5.7874999   74.4307632
5.79250002  74.612236
5.79750013  74.0142746
5.80249977 74.4571915
5.80749989  73.8162079
5.8125      74.156395
5.81750011  73.8864288
5.82250023 73.7332687
5.82749987  73.5218277
5.83249998  73.410553
5.8375001   73.0954437
5.84249973 73.1337433
5.84749985  73.4026108
5.85249996  72.9473801
5.85750008  72.8868408
5.86250019 73.0909424
5.86749983  72.8969498
5.87249994  72.753334
5.87750006  72.7775879
5.88250017  72.56427
5.88749981 72.5514526
5.89249992  72.4657898
5.89750004  72.469162
5.90250015  72.2677994
5.90750027 72.0203323
5.9124999   72.2327423
5.91750002  72.033783
5.92250013  71.6424255
5.92749977 71.7983246
5.93249989  71.7188873
5.9375      71.4041367
5.94250011  71.0621414
5.94750023 70.758255
5.95249987  70.713356
5.95749998  70.8309174
5.9625001   70.5179138
5.96749973 70.4945145
5.97249985  70.2301483
5.97749996  70.3708954
5.98250008  70.2530823
5.98750019 70.230072
5.99249983  70.0042572
5.99749994  69.8405685
6.00250006  69.6930237
6.00750017  69.8383179
6.01249981 69.9010544
6.01749992  69.5190277
6.02250004  69.4987869
6.02750015  68.9996262
6.03250027 69.4451599
6.0374999   68.8749619
6.04250002  69.1218872
6.04750013  69.243721
6.05249977 68.9908142
6.05749989  68.6641464
6.0625      68.6496658
6.06750011  68.6350861
6.07250023 68.5086975
6.07749987  68.2276917
6.08249998  68.0173035
6.0875001   68.3567505
6.09249973 68.3735809
6.09749985  67.8996429
6.10249996  68.1766663
6.10750008  67.7064514
6.11250019 67.7230072
6.11749983  67.5018997
6.12249994  67.429306
6.12750006  67.2034073
6.13250017  67.1500015
6.13749981 67.094696
6.14249992  66.8235245
6.14750004  66.7895126
6.15250015  66.5495682
6.15750027 66.7791138
6.1624999   66.6825256
6.16750002  66.4973831
6.17250013  66.3990097
6.17749977 65.9702301
6.18249989  65.8596802
6.1875      66.3221054
6.19250011  66.1838684
6.19750023 65.9094391
6.20249987  65.9031982
6.20749998  65.5652542
6.2125001   65.387413
6.21749973 65.3790359
6.22249985  65.5622559
6.22749996  65.4830933
6.23250008  65.3795013
6.23750019 64.5428848
6.24249983  64.8859711
6.24749994  64.7940826
6.25250006  64.7595749
6.25750017  64.5373917
6.26249981 64.7444458
6.26749992  64.2640076
6.27250004  64.0574417
6.27750015  63.8443069
6.28250027 64.0689621
6.2874999   63.7247086
6.29250002  63.5965004
6.29750013  63.8733864
6.30249977 63.7555046
6.30749989  63.3057213
6.3125      63.415493
6.31750011  63.3158493
6.32250023 62.9638557
6.32749987  62.8596077
6.33249998  62.8702354
6.3375001   62.8949471
6.34249973 62.6405678
6.34749985  62.332901
6.35249996  62.5125275
6.35750008  62.4021034
6.36250019 62.4255447
6.36749983  62.2821884
6.37249994  61.81987
6.37750006  61.8308296
6.38250017  61.7383881
6.38749981 61.680954
6.39249992  61.3526344
6.39750004  61.4309273
6.40250015  61.2582054
6.40750027 61.0232964
6.4124999   60.9897079
6.41750002  60.7672081
6.42250013  60.7736702
6.42749977 61.0828285
6.43249989  60.6231308
6.4375      60.8227005
6.44250011  60.6425858
6.44750023 60.2457657
6.45249987  60.1153793
6.45749998  60.2928391
6.4625001   60.0792351
6.46749973 59.9100113
6.47249985  59.5693779
6.47749996  59.8805923
6.48250008  59.5484924
6.48750019 59.4541969
6.49249983  59.5480576
6.49749994  59.5103951
6.50250006  59.2701073
6.50750017  59.0491333
6.51249981 58.8458557
6.51749992  59.2215652
6.52250004  58.6819153
6.52750015  58.7654953
6.53250027 58.1467934
6.5374999   58.5302353
6.54250002  58.4062614
6.54750013  58.5609207
6.55249977 57.9601974
6.55749989  57.7996979
6.5625      57.9677353
6.56750011  57.7503052
6.57250023 57.7313156
6.57749987  57.3750572
6.58249998  57.3261299
6.5875001   57.4650879
6.59249973 56.9354935
6.59749985  57.0331688
6.60249996  57.1534538
6.60750008  56.7338982
6.61250019 56.8875008
6.61749983  56.5990295
6.62249994  56.4175491
6.62750006  56.2194672
6.63250017  56.223877
6.63749981 56.3979263
6.64249992  55.9744148
6.64750004  55.617382
6.65250015  55.6853371
6.65750027 55.721447
6.6624999   55.6284981
6.66750002  55.7374649
6.67250013  55.2894783
6.67749977 55.1735573
6.68249989  55.0079155
6.6875      55.0790405
6.69250011  55.240509
6.69750023 54.7917099
6.70249987  54.7598381
6.70749998  54.0571976
6.7125001   54.5568352
6.71749973 54.5598488
6.72249985  54.3189507
6.72749996  54.344635
6.73250008  54.2346764
6.73750019  53.9625435
6.74249983  53.725872
6.74749994  53.6110115
6.75250006  53.5372124
6.75750017  53.2196808
6.76249981  53.0501099
6.76749992  53.1317177
6.77250004  52.8203964
6.77750015  52.8155403
6.78250027  52.6494598
6.7874999   52.6459846
6.79250002  52.6204987
6.79750013  52.4188652
6.80249977  52.465847
6.80749989  52.2346001
6.8125      52.1387634
6.81750011  52.060257
6.82250023  51.9891853
6.82749987  51.9081726
6.83249998  51.9236908
6.8375001   51.7430305
6.84249973  51.5494766
6.84749985  51.2996063
6.85249996  51.2415924
6.85750008  51.3680115
6.86250019  51.0066719
6.86749983  50.9626312
6.87249994  50.7562065
6.87750006  50.944767
6.88250017  50.7833138
6.88749981  50.3136215
6.89249992  50.1368103
6.89750004  49.8461571
6.90250015  50.2888298
6.90750027  49.8433342
6.9124999   50.0065155
6.91750002  49.4680252
6.92250013  49.306221
6.92749977  49.6450577
6.93249989  49.5580711
6.9375      49.3427658
6.94250011  49.2428818
6.94750023  48.9144478
6.95249987  48.7294273
6.95749998  48.6262436
6.9625001   48.2749519
6.96749973  48.2092476
6.97249985  48.1283646
6.97749996  48.0952644
6.98250008  47.9257278
6.98750019  47.9268074
6.99249983  47.6230927
6.99749994  47.4970818
7.00250006  47.4045486
7.00750017  47.1330833
7.01249981  46.6768837
7.01749992  46.8669548
7.02250004  46.7693787
7.02750015  46.548008
7.03250027  45.9491158
7.0374999   46.3283501
7.04250002  46.0236206
7.04750013  46.0428238
7.05249977  45.9499321
7.05749989  45.4153023
7.0625      45.5007133
7.06750011  45.4095383
7.07250023  44.9286423
7.07749987  45.1308403
7.08249998  45.1041603
7.0875001   45.0740967
7.09249973  44.6769753
7.09749985  44.3695869
7.10249996  44.3515053
7.10750008  44.4615784
7.11250019  44.2900162
7.11749983  44.0889549
7.12249994  43.8509178
7.12750006  43.8728752
7.13250017  43.854084
7.13749981  43.5144882
7.14249992  43.7306633
7.14750004  43.6018639
7.15250015  43.2376366
7.15750027  43.1532974
7.1624999   43.0668602
7.16750002  42.9209938
7.17250013  43.0830956
7.17749977  42.8958664
7.18249989  42.4669456
7.1875      42.4198494
7.19250011  42.3288574
7.19750023  42.3655624
7.20249987  42.3599129
7.20749998  42.0284691
7.2125001   42.0033569
7.21749973  41.8729019
7.22249985  41.906414
7.22749996  41.685688
7.23250008  41.358223
7.23750019  41.2359085
7.24249983  41.2844849
7.24749994  41.0878067
7.25250006  41.2944489
7.25750017  41.0069962
7.26249981  40.9611778
7.26749992  40.7940903
7.27250004  40.5979805
7.27750015  40.4700966
7.28250027  40.3301201
7.2874999   40.2308578
7.29250002  40.0473976
7.29750013  40.1816673
7.30249977  39.9435043
7.30749989  39.9282913
7.3125      39.8008652
7.31750011  39.5172539
7.32250023  39.6998482
7.32749987  39.382618
7.33249998  39.274353
7.3375001   39.0111198
7.34249973  38.8141937
7.34749985  38.8467064
7.35249996  38.4444695
7.35750008  38.6786766
7.36250019  38.6466942
7.36749983  38.4352875
7.37249994  38.4794121
7.37750006  38.2062836
7.38250017  37.9657135
7.38749981  37.8980484
7.39249992  37.8376923
7.39750004  37.8091583
7.40250015  37.5477104
7.40750027  37.7363968
7.4124999   37.4036255
7.41750002  37.3114395
7.42250013  37.0039215
7.42749977  37.1115303
7.43249989  37.0834694
7.4375      36.9215622
7.44250011  36.9247246
7.44750023  36.8109779
7.45249987  36.717083
7.45749998  36.3110962
7.4625001   36.4174614
7.46749973  36.4453239
7.47249985  36.1847801
7.47749996  36.2178841
7.48250008  36.0584068
7.48750019  35.8671227
7.49249983  35.4049873
7.49749994  35.3148155
7.50250006  35.3019905
7.50750017  35.4652672
7.51249981  35.1616707
7.51749992  35.2583275
7.52250004  35.0070419
7.52750015  34.8546562
7.53250027  34.9505005
7.5374999   34.7345352
7.54250002  34.2760506
7.54750013  34.5021706
7.55249977  34.4688225
7.55749989  34.2648201
7.5625      34.3353424
7.56750011  33.925808
7.57250023  33.7869682
7.57749987  33.6986008
7.58249998  33.9030685
7.5875001   33.6950607
7.59249973  33.4656029
7.59749985  33.3358994
7.60249996  33.1768646
7.60750008  33.1045723
7.61250019  33.1962051
7.61749983  32.9451904
7.62249994  32.6899223
7.62750006  32.4693947
7.63250017  32.8100586
7.63749981  32.5277634
7.64249992  32.3589058
7.64750004  32.3677254
7.65250015  32.4612122
7.65750027  32.0750542
7.6624999   31.8935547
7.66750002  31.7182713
7.67250013  31.7592087
7.67749977  31.7253399
7.68249989  31.5730305
7.6875      31.5435982
7.69250011  31.2399311
7.69750023  31.4071903
7.70249987  31.1862411
7.70749998  30.9731464
7.7125001   31.099802
7.71749973  30.7928028
7.72249985  30.8539619
7.72749996  30.6290512
7.73250008  30.5316925
7.73750019  30.4581718
7.74249983  30.335165
7.74749994  30.1609344
7.75250006  30.0649166
7.75750017  30.2474899
7.76249981  29.9769802
7.76749992  29.7090225
7.77250004  29.679739
7.77750015  29.5800724
7.78250027  29.483202
7.7874999   29.2672939
7.79250002  29.3223419
7.79750013  29.3067989
7.80249977  29.0410366
7.80749989  28.9139023
7.8125      28.9009418
7.81750011  28.8946247
7.82250023  28.6566086
7.82749987  28.5657921
7.83249998  28.5413513
7.8375001   28.459341
7.84249973  28.5152035
7.84749985  28.4593773
7.85249996  28.0871773
7.85750008  28.0761356
7.86250019  27.8800182
7.86749983  27.6915741
7.87249994  27.7856255
7.87750006  27.8297844
7.88250017  27.4882679
7.88749981  27.5347824
7.89249992  27.3827553
7.89750004  27.2008514
7.90250015  27.3104744
7.90750027  27.1220474
7.9124999   27.1042995
7.91750002  26.9752579
7.92250013  26.7062702
7.92749977  27.0072021
7.93249989  26.6204414
7.9375      26.2621326
7.94250011  26.4333229
7.94750023  26.3065052
7.95249987  26.1733227
7.95749998  26.2421455
7.9625001   26.0709534
7.96749973  26.1041412
7.97249985  25.9921055
7.97749996  25.8756237
7.98250008  25.587574
7.98750019  25.711731
7.99249983  25.7480621
7.99749994  25.6563396
8.00250053  25.5338268
8.00749969  25.4457932
8.01250076  25.3304157
8.01749992  25.0795059
8.02250004  24.9774895
8.02750015  25.1082668
8.03249931  24.7023773
8.03750038  24.6477509
8.04249954  24.6404152
8.04750061  24.5281944
8.05249977  24.3906631
8.05750084  24.2890854
8.0625      24.2242985
8.06749916  24.2665234
8.07250023  24.5293388
8.07749939  24.0954952
8.08250046  24.0873623
8.08749962  23.8748074
8.09250069  23.7653465
8.09749985  23.734417
8.10249996  23.5833549
8.10750008  23.5241394
8.11249924  23.5172882
8.11750031  23.4124947
8.12249947  23.1907368
8.12750053  23.1205139
8.13249969  23.0003052
8.13750076  22.9649715
8.14249992  22.9538994
8.14750004  22.9748802
8.15250015  22.672821
8.15749931  22.5470657
8.16250038  22.653717
8.16749954  22.6460056
8.17250061  22.2412949
8.17749977  22.5163383
8.18250084  22.3587685
8.1875      22.4202957
8.19249916  22.263588
8.19750023  21.994381
8.20249939  21.9478836
8.20750046  21.833683
8.21249962  21.7969227
8.21750069  21.6822739
8.22249985  21.707201
8.22749996  21.5358162
8.23250008  21.554184
8.23749924  21.3998222
8.24250031  21.3942108
8.24749947  21.2018375
8.25250053  21.2109833
8.25749969  21.259367
8.26250076  21.1035728
8.26749992  21.0168266
8.27250004  20.8427525
8.27750015  20.8742523
8.28249931  20.5514202
8.28750038  20.5493507
8.29249954  20.515976
8.29750061  20.6115475
8.30249977  20.2505531
8.30750084  20.4623947
8.3125      20.2300243
8.31749916  20.1053734
8.32250023  20.1165085
8.32749939  19.9687405
8.33250046  19.9197578
8.33749962  20.0566273
8.34250069  19.6867161
8.34749985  19.6691875
8.35249996  19.7225609
8.35750008  19.4452648
8.36249924  19.4946671
8.36750031  19.5159531
8.37249947  19.3426113
8.37750053  19.2624912
8.38249969  19.0185795
8.38750076  19.2636318
8.39249992  19.1278687
8.39750004  18.9991989
8.40250015  18.9386597
8.40749931  18.8415051
8.41250038  18.7673702
8.41749954  18.643013
8.42250061  18.7344704
8.42749977  18.7349625
8.43250084  18.3876762
8.4375      18.4920197
8.44249916  18.4337025
8.44750023  18.2536335
8.45249939  18.214056
8.45750046  18.1904373
8.46249962  18.3070068
8.46750069  18.1182499
8.47249985  18.0692024
8.47749996  17.8127403
8.48250008  17.8488808
8.48749924  17.9785748
8.49250031  17.9049149
8.49749947  17.5527344
8.50250053  17.6420994
8.50749969  17.6068745
8.51250076  17.4595871
8.51749992  17.3711872
8.52250004  17.4744987
8.52750015  17.183279
8.53249931  17.1609993
8.53750038  17.1630249
8.54249954  17.0660572
8.54750061  16.8469028
8.55249977  16.9038506
8.55750084  16.917284
8.5625      16.7621841
8.56749916  16.6722908
8.57250023  16.5406475
8.57749939  16.6286678
8.58250046  16.3991489
8.58749962  16.4297581
8.59250069  16.4184265
8.59749985  16.2879925
8.60249996  16.2346401
8.60750008  16.1453133
8.61249924  16.1191063
8.61750031  16.2306194
8.62249947  16.0435658
8.62750053  15.8569393
8.63249969  15.837554
8.63750076  15.8949919
8.64249992  15.7753096
8.64750004  15.6961288
8.65250015  15.6149988
8.65749931  15.5034819
8.66250038  15.6173267
8.66749954  15.4792299
8.67250061  15.4175549
8.67749977  15.3918657
8.68250084  15.2982178
8.6875      15.2711945
8.69249916  15.176981
8.69750023  15.0991707
8.70249939  15.0384569
8.70750046  15.0466022
8.71249962  14.8970757
8.71750069  14.7126732
8.72249985  14.7877913
8.72749996  14.8513298
8.73250008  14.5443344
8.73749924  14.5943604
8.74250031  14.4857101
8.74749947  14.561697
8.75250053  14.4708147
8.75749969  14.3029404
8.76250076  14.1944304
8.76749992  14.2886105
8.77250004  14.1219482
8.77750015  14.1295023
8.78249931  14.1744967
8.78750038  14.0783577
8.79249954  14.0012159
8.79750061  14.0444937
8.80249977  13.8685169
8.80750084  13.7896185
8.8125      13.8164053
8.81749916  13.7318382
8.82250023  13.5715942
8.82749939  13.6169767
8.83250046  13.6069059
8.83749962  13.4412737
8.84250069  13.4337301
8.84749985  13.3202724
8.85249996  13.4216671
8.85750008  13.245389
8.86249924  13.2419701
8.86750031  13.2326317
8.87249947  13.1099634
8.87750053  12.9920816
8.88249969  13.0303993
8.88750076  13.047925
8.89249992  12.9125166
8.89750004  12.8646336
8.90250015  12.7331028
8.90749931  12.6821175
8.91250038  12.6858463
8.91749954  12.5507507
8.92250061  12.5047121
8.92749977  12.4875593
8.93250084  12.5149517
8.9375      12.5043764
8.94249916  12.3941259
8.94750023  12.4045286
8.95249939  12.3244057
8.95750046  12.2587442
8.96249962  12.2319155
8.96750069  12.2484236
8.97249985  12.1525402
8.97749996  12.0674715
8.98250008  11.9753199
8.98749924  11.8809509
8.99250031  11.8386154
8.99749947  11.7914543
9.00250053  11.6883278
9.00749969  11.8101864
9.01250076  11.7010994
9.01749992  11.6117821
9.02250004  11.5760469
9.02750015  11.5462513
9.03249931  11.5293541
9.03750038  11.4377127
9.04249954  11.2523165
9.04750061  11.304431
9.05249977  11.2790222
9.05750084  11.2452278
9.0625      11.1418276
9.06749916  11.2167139
9.07250023  11.1704044
9.07749939  11.0777826
9.08250046  11.0730019
9.08749962  11.0110435
9.09250069  11.0086308
9.09749985  10.8753996
9.10249996  10.8525572
9.10750008  10.7329569
9.11249924  10.6980658
9.11750031  10.6298895
9.12249947  10.6395092
9.12750053  10.5516996
9.13249969  10.5098124
9.13750076  10.5224867
9.14249992  10.5189543
9.14750004  10.3752756
9.15250015  10.2867146
9.15749931  10.2909012
9.16250038  10.2085028
9.16749954  10.2429781
9.17250061  10.1898794
9.17749977  10.0643396
9.18250084  10.0411692
9.1875      10.0548897
9.19249916  9.94267845
9.19750023  10.0258169
9.20249939  9.93262863
9.20750046  10.0054359
9.21249962  9.81367588
9.21750069  9.7694273
9.22249985  9.76720428
9.22749996  9.67373371
9.23250008  9.63515854
9.23749924  9.63085842
9.24250031  9.6250639
9.24749947  9.53197384
9.25250053  9.51559639
9.25749969  9.47764683
9.26250076  9.45794964
9.26749992  9.39874649
9.27250004  9.29182243
9.27750015  9.33236694
9.28249931  9.22966766
9.28750038  9.14468193
9.29249954  9.21486855
9.29750061  9.16130447
9.30249977  9.12084961
9.30750084  9.0455761
9.3125      8.9976902
9.31749916  8.85718918
9.32250023  8.93463135
9.32749939  8.93026161
9.33250046  8.80538368
9.33749962  8.78546429
9.34250069  8.72424603
9.34749985  8.82451057
9.35249996  8.64893246
9.35750008  8.68430805
9.36249924  8.54660702
9.36750031  8.62784004
9.37249947  8.48056412
9.37750053  8.4339571
9.38249969  8.50042057
9.38750076  8.4268198
9.39249992  8.4015274
9.39750004  8.37658691
9.40250015  8.26055336
9.40749931  8.25792789
9.41250038  8.16846752
9.41749954  8.19430923
9.42250061  8.10733032
9.42749977  8.16545773
9.43250084  8.06699848
9.4375      8.03799534
9.44249916  7.97380733
9.44750023  8.05560493
9.45249939  7.85370207
9.45750046  7.91161346
9.46249962  7.89126253
9.46750069  7.84422064
9.47249985  7.76829958
9.47749996  7.80252695
9.48250008  7.73360491
9.48749924  7.65341997
9.49250031  7.64135265
9.49749947  7.63601017
9.50250053  7.60871649
9.50749969  7.54738045
9.51250076  7.43799114
9.51749992  7.48705578
9.52250004  7.48626947
9.52750015  7.30210876
9.53249931  7.38497734
9.53750038  7.33416843
9.54249954  7.31391239
9.54750061  7.32125044
9.55249977  7.26080894
9.55750084  7.19529533
9.5625      7.14472151
9.56749916  7.07088661
9.57250023  7.03074265
9.57749939  7.13309479
9.58250046  7.00152445
9.58749962  6.99357176
9.59250069  7.00863075
9.59749985  6.88408613
9.60249996  6.95170975
9.60750008  6.89015865
9.61249924  6.87237501
9.61750031  6.83397055
9.62249947  6.75617266
9.62750053  6.75079823
9.63249969  6.74299288
9.63750076  6.64731169
9.64249992  6.63500214
9.64750004  6.68201447
9.65250015  6.53768396
9.65749931  6.49939346
9.66250038  6.59237146
9.66749954  6.48347187
9.67250061  6.39647865
9.67749977  6.42449665
9.68250084  6.40603447
9.6875      6.43224192
9.69249916  6.28734541
9.69750023  6.28703308
9.70249939  6.30909061
9.70750046  6.2393961
9.71249962  6.17816448
9.71750069  6.0953722
9.72249985  6.07017183
9.72749996  6.04972553
9.73250008  6.10405636
9.73749924  6.09204817
9.74250031  6.04068518
9.74749947  6.05533648
9.75250053  5.95370674
9.75749969  5.91478205
9.76250076  5.91725636
9.76749992  5.86825562
9.77250004  5.84716892
9.77750015  5.80837679
9.78249931  5.81972933
9.78750038  5.73783684
9.79249954  5.72377348
9.79750061  5.6871233
9.80249977  5.63508654
9.80750084  5.57878208
9.8125      5.61952877
9.81749916  5.59322453
9.82250023  5.53610992
9.82749939  5.50983858
9.83250046  5.48795557
9.83749962  5.47324133
9.84250069  5.45631599
9.84749985  5.40187502
9.85249996  5.40552282
9.85750008  5.33644867
9.86249924  5.36312389
9.86750031  5.28322887
9.87249947  5.2514019
9.87750053  5.18567038
9.88249969  5.21801519
9.88750076  5.15674877
9.89249992  5.15535641
9.89750004  5.16686773
9.90250015  5.13371658
9.90749931  4.99145651
9.91250038  5.00362444
9.91749954  5.05953217
9.92250061  5.06763315
9.92749977  4.94300318
9.93250084  4.97728825
9.9375      4.90792561
9.94249916  4.88245678
9.94750023  4.81773043
9.95249939  4.86063671
9.95750046  4.77497578
9.96249962  4.74237204
9.96750069  4.76913023
9.97249985  4.72711754
9.97749996  4.74047709
9.98250008  4.73611403
9.98749924  4.62717485
9.99250031  4.56777048
9.99749947  4.62218475
10.0025005  4.61160898
10.0074997  4.57739019
10.0125008  4.5621891
10.0174999  4.49767447
10.0225     4.55449009
10.0275002  4.43598604
10.0324993  4.4251585
10.0375004  4.43653822
10.0424995  4.33376217
10.0475006  4.3416338
10.0524998  4.28797197
10.0575008  4.24690866
10.0625     4.21760511
10.0674992  4.25588179
10.0725002  4.19879532
10.0774994  4.12914324
10.0825005  4.09177303
10.0874996  4.09777212
10.0925007  4.01142645
10.0974998  4.03262615
10.1025     3.96513009
10.1075001  3.89852071
10.1124992  3.85188723
10.1175003  3.84005046
10.1224995  3.79263473
10.1275005  3.74797988
10.1324997  3.69968057
10.1375008  3.6128819
10.1424999  3.5783875
10.1475     3.53109622
10.1525002  3.39502239
10.1574993  3.399189
10.1625004  3.32802701
10.1674995  3.29793167
10.1725006  3.20135927
10.1774998  3.09710741
10.1825008  3.02287173
10.1875     2.97975588
10.1924992  2.93653011
10.1975002  2.87017393
10.2024994  2.73565626
10.2075005  2.66398883
10.2124996  2.56188011
10.2175007  2.49427462
10.2224998  2.37140036
10.2275     2.3197422
10.2325001  2.22856593
10.2374992  2.17178917
10.2425003  2.06087208
10.2474995  2.01144338
10.2525005  1.89924872
10.2574997  1.84358656
10.2625008  1.75006676
10.2674999  1.69376779
10.2725     1.60762239
10.2775002  1.58108258
10.2824993  1.50202656
10.2875004  1.38959086
10.2924995  1.31754398
10.2975006  1.28089643
10.3024998  1.2265265
10.3075008  1.16702878
10.3125     1.12190855
10.3174992  1.06533349
10.3225002  1.02510631
10.3274994  0.970637798
10.3325005  0.959172308
10.3374996  0.876765013
10.3425007  0.834922254
10.3474998  0.813255906
10.3525     0.776411653
10.3575001  0.742009699
10.3624992  0.728088021
10.3675003  0.703313529
10.3724995  0.662424028
10.3775005  0.622402549
10.3824997  0.61601162
10.3875008  0.605679214
10.3924999  0.562729001
10.3975     0.557680309
10.4025002  0.538018525
10.4074993  0.500458121
10.4125004  0.492199153
10.4174995  0.494481564
10.4225006  0.461123228
10.4274998  0.457124323
10.4325008  0.452921718
10.4375     0.433390498
10.4424992  0.41588378
10.4475002  0.397061795
10.4524994  0.382844508
10.4575005  0.377665102
10.4624996  0.37050125
10.4675007  0.364926368
10.4724998  0.353187293
10.4775     0.342567712
10.4825001  0.33666724
10.4874992  0.329450935
10.4925003  0.31855756
10.4974995  0.315639555
10.5025005  0.308030933
10.5074997  0.298540056
10.5125008  0.292309552
10.5174999  0.284138024
10.5225     0.277053028
10.5275002  0.259764761
10.5324993  0.255174607
10.5375004  0.256314784
10.5424995  0.254491985
10.5475006  0.249849141
10.5524998  0.237500936
10.5575008  0.23870641
10.5625     0.235607266
10.5674992  0.231262311
10.5725002  0.214718223
10.5774994  0.225334331
10.5825005  0.21528995
10.5874996  0.208824843
10.5925007  0.204390615
10.5974998  0.208491609
10.6025     0.190388292
10.6075001  0.184568852
10.6124992  0.190514445
10.6175003  0.188186929
10.6224995  0.173799738
10.6275005  0.178262115
10.6324997  0.177399591
10.6375008  0.161618143
10.6424999  0.162311614
10.6475     0.168545932
10.6525002  0.15192236
10.6574993  0.154639512
10.6625004  0.154562145
10.6674995  0.148130074
10.6725006  0.14414762
10.6774998  0.146292701
10.6825008  0.135620654
10.6875     0.144196719
10.6924992  0.133030698
10.6975002  0.133920968
10.7024994  0.133139715
10.7075005  0.130850062
10.7124996  0.130198941
10.7175007  0.124678604
10.7224998  0.121207014
10.7275     0.12293303
10.7325001  0.116772912
10.7374992  0.113139808
10.7425003  0.112174787
10.7474995  0.11640361
10.7525005  0.113766693
10.7574997  0.110517569
10.7625008  0.107726216
10.7674999  0.107463904
10.7725     0.105766967
10.7775002  0.100055493
10.7824993  0.102626242
10.7875004  0.105406724
10.7924995  0.103917181
10.7975006  0.0957878307
10.8024998  0.0958273262
10.8075008  0.0968452767
10.8125     0.0948228464
10.8174992  0.0983262211
10.8225002  0.0899830684
10.8274994  0.0891373679
10.8325005  0.0830985159
10.8374996  0.0882789716
10.8425007  0.0877427906
10.8474998  0.085351944
10.8525     0.0815229863
10.8575001  0.0865363628
10.8624992  0.0766031891
10.8675003  0.0825712085
10.8724995  0.0782399103
10.8775005  0.0750176385
10.8824997  0.077210702
10.8875008  0.0749978051
10.8924999  0.0762085095
10.8975     0.0727479085
10.9025002  0.0690865591
10.9074993  0.0701629221
10.9125004  0.0700082779
10.9174995  0.0711664185
10.9225006  0.0686264783
10.9274998  0.0672515854
10.9325008  0.0688480884
10.9375     0.0647480115
10.9424992  0.0663018003
10.9475002  0.0634656549
10.9524994  0.0627459884
10.9575005  0.0632611662
10.9624996  0.0618508235
10.9675007  0.0632468313
10.9724998  0.0653130561
10.9775     0.0571729913
10.9825001  0.0568651333
10.9874992  0.0598768182
10.9925003  0.0611851104
10.9974995  0.055795975
11.0025005  0.0589379892
11.0074997  0.0538714118
11.0125008  0.0549350008
11.0174999  0.0521073863
11.0225     0.0530823693
